102200008         100008           8.797.000         0         0	
102200009         100009           6.917.000         0         0	
102200010         100010          72.089.000         0         0	
102200011         100011          28.200.000         0         0	
102200012         100012           2.863.000         0         0	
102200013         100013          87.272.000         0         0	
102200014         100014           9.376.000         0         0	
102200015         100015          92.374.000         0         0	
102200016         100016       2.340.154.000         0         0	
102200017         100017       2.000.000.000         0         0	
102200018         100018         700.000.000         0         0	
102200019         100019       1.000.000.000         0         0	
102200020         100020          58.160.000         0         0	
102200021         100021           6.766.000         0         0	
102200022         100022          66.720.000         0         0	
102200023         100023         200.000.000         0         0	
102200024         100024           7.200.000         0         0	
102200025         100025          21.002.900         0         0	
102200026         100026          79.832.000         0         0	
102200027         100027           2.843.729         0         0	
102200028         100028           9.362.239         0         0	
102200029         100029          70.000.000         0         0	
102200030         100030          65.736.989         0         0	
102200031         100031          67.000.000         0         0	
102200032         100032         180.800.000         0         0	
102200033         100033          53.920.000         0         0	
